CUTE-1 (CO-55)          
1 27844U 03031E   18278.98159604  .00000056  00000-0  45128-4 0  9995
2 27844  98.6880 286.0073 0010729  54.9089 305.3094 14.22136314791947
CUBESAT XI-IV (CO-57)   
1 27848U 03031J   18279.88675605  .00000047  00000-0  41013-4 0  9992
2 27848  98.6964 287.3330 0010703  62.4377 297.7886 14.21737758791930
CUBESAT XI 5            
1 28895U 05043F   18278.89428004  .00000135  00000-0  34654-4 0  9990
2 28895  97.9247  65.9669 0018161  80.7779 279.5477 14.63587047690076
CUTE-1.7+APD II (CO-65) 
1 32785U 08021C   18278.85739251  .00000197  00000-0  26962-4 0  9998
2 32785  97.5477 285.7541 0013996  37.1193 323.0990 14.88182852565638
AAUSAT-II               
1 32788U 08021F   18279.50561624  .00000187  00000-0  22333-4 0  9998
2 32788  97.5158 301.3425 0011286 343.1409  16.9436 14.94468239566809
DELFI-C3 (DO-64)        
1 32789U 08021G   18279.12220764  .00000632  00000-0  47039-4 0  9999
2 32789  97.5008 331.0706 0010768 279.9990  80.0022 15.06341781568486
SEEDS II (CO-66)        
1 32791U 08021J   18279.50306094  .00000347  00000-0  40721-4 0  9999
2 32791  97.5342 291.9650 0013719  14.6949 345.4666 14.90640259566090
SWISSCUBE               
1 35932U 09051B   18278.92682530  .00000127  00000-0  39754-4 0  9990
2 35932  98.5603  72.8461 0006854 223.9496 136.1156 14.56200750479510
BEESAT                  
1 35933U 09051C   18279.01505412  .00000113  00000-0  36401-4 0  9996
2 35933  98.5639  74.5537 0004887 236.8285 123.2443 14.56299979479670
ITUPSAT 1               
1 35935U 09051E   18278.92636641  .00000071  00000-0  27481-4 0  9997
2 35935  98.5750  74.7129 0007230 234.3813 125.6710 14.55472100479402
M-CUBED & EXP-1 PRIME   
1 37855U 11061F   18278.92952262  .00001609  00000-0  88903-4 0  9998
2 37855 101.7175  38.1161 0175669 114.4410 247.5239 15.04764336377830
STRAND-1                
1 39090U 13009E   18279.52986615  .00000038  00000-0  28550-4 0  9998
2 39090  98.5107 124.4118 0008672 333.8253  26.2493 14.35052440293798
AIST-2 (RS-43)          
1 39133U 13015D   18279.84812491  .00000112  00000-0  20280-4 0  9993
2 39133  64.8734 218.7612 0010476 212.8630 147.1840 15.04613451300008
SOMP                    
1 39134U 13015E   18278.98137445  .00000940  00000-0  53472-4 0  9995
2 39134  64.8625 128.4345 0003903 301.0900  58.9844 15.19454123301735
BEESAT-3                
1 39135U 13015F   18279.38487828  .00000757  00000-0  48095-4 0  9995
2 39135  64.8670 141.9462 0011835 234.3472 125.6552 15.16904681301511
BEESAT-2                
1 39136U 13015G   18279.59199280  .00000725  00000-0  47165-4 0  9993
2 39136  64.8680 144.3675 0012316 234.8214 125.1759 15.16362850301486
NEE-01 PEGASUS          
1 39151U 13018B   18279.72616816  .00000139  00000-0  25459-4 0  9998
2 39151  97.9758  13.0115 0015938 310.5045  49.4778 14.79946559294015
ESTCUBE 1               
1 39161U 13021C   18279.70491418  .00000105  00000-0  24527-4 0  9998
2 39161  98.0039   3.8507 0011100  63.9151 296.3177 14.72109209290856
POPACS 1                
1 39268U 13055D   18279.29532148  .00002561  00000-0  72642-4 0  9992
2 39268  81.0039 229.6572 0632506 258.5958  94.3577 14.35230268260386
POPACS 2                
1 39269U 13055E   18279.19827812  .00003617  00000-0  10595-3 0  9998
2 39269  81.0133 254.0187 0688480 321.8704  33.5591 14.22783614258923
POPACS 3                
1 39270U 13055F   18278.71322262  .00003994  00000-0  12527-3 0  9991
2 39270  81.0144 268.0859 0717724   3.1234 357.4066 14.15063302237288
ZACUBE-1 (TSHEPISOSAT)  
1 39417U 13066B   18279.52687910  .00000207  00000-0  32388-4 0  9992
2 39417  97.5806 302.1811 0059892 149.2200 211.2548 14.80987662263272
WNISAT-1                
1 39423U 13066H   18279.83852786  .00000163  00000-0  41738-4 0  9998
2 39423  97.7401 235.3738 0176376  28.9633 332.1231 14.52983287258440
GOMX 1                  
1 39430U 13066Q   18279.80847717  .00000267  00000-0  57668-4 0  9995
2 39430  97.7107 248.7144 0151082 338.8065  20.6919 14.59135571259422
CUBEBUG-2 (LO-74)       
1 39440U 13066AA  18279.47766236  .00000186  00000-0  32941-4 0  9992
2 39440  97.6008 288.0987 0080072 193.0380 166.8762 14.75728318262333
NEE-02 KRYSAOR          
1 39441U 13066AB  18279.49585839  .00000122  00000-0  24482-4 0  9994
2 39441  97.6021 286.1722 0081387 198.6693 161.1528 14.74817473262184
FUNCUBE-1 (AO-73)       
1 39444U 13066AE  18279.12597445  .00000249  00000-0  37005-4 0  9998
2 39444  97.5810 303.4659 0059102 145.5184 214.9887 14.81782049262082
UWE-3                   
1 39446U 13066AG  18279.51287896  .00000193  00000-0  32313-4 0  9994
2 39446  97.5893 294.7165 0070394 171.4639 188.7789 14.78262575261562
BRITE-TORONTO           
1 40020U 14033L   18279.84442140  .00000065  00000-0  19747-4 0  9994
2 40020  97.7715 132.4160 0086169 248.8674 110.3305 14.66523093229948
DUCHIFAT-1              
1 40021U 14033M   18278.83824988  .00000312  00000-0  37929-4 0  9994
2 40021  97.9133 197.7442 0013006 167.4031 192.7514 14.90401916233436
NANOSATC-BR1            
1 40024U 14033Q   18279.33755686  .00000313  00000-0  38613-4 0  9993
2 40024  97.9056 196.2601 0012318 168.2361 191.9146 14.89652125233423
QB50P1                  
1 40025U 14033R   18279.31542233  .00000291  00000-0  37065-4 0  9999
2 40025  97.9006 194.4607 0012451 173.2046 186.9341 14.88784330233322
QB50P2                  
1 40032U 14033Y   18279.70857584  .00000260  00000-0  34147-4 0  9992
2 40032  97.8952 193.4025 0011990 167.4323 192.7195 14.88326233233317
PERSEUS-M2              
1 40037U 14033AD  18279.83181827  .00000060  00000-0  13053-4 0  9992
2 40037  97.8924 190.7013 0014322 178.1693 181.9578 14.86388395233117
PERSEUS-M1              
1 40039U 14033AF  18279.81788826  .00000083  00000-0  15815-4 0  9997
2 40039  97.8917 189.9774 0014269 175.0907 185.0451 14.86009832233053
POLYITAN-1              
1 40042U 14033AJ  18279.73158070  .00000280  00000-0  36126-4 0  9991
2 40042  97.9081 195.0555 0014944 162.1762 197.9981 14.88472203233307
TIGRISAT                
1 40043U 14033AK  18279.89532420  .00000112  00000-0  24012-4 0  9999
2 40043  97.7907 153.0334 0059495 197.5738 162.3413 14.74179616231061
AEROCUBE 6A             
1 40045U 14033AM  18279.88768265  .00000272  00000-0  46670-4 0  9999
2 40045  97.8093 155.7399 0057283 191.4959 168.4946 14.75219206230991
AEROCUBE 6B             
1 40046U 14033AN  18279.88969975  .00000225  00000-0  39855-4 0  9996
2 40046  97.8049 155.5407 0056745 190.7278 169.2726 14.75206493231135
UKUBE-1                 
1 40074U 14037F   18279.82126988  .00000225  00000-0  34317-4 0  9992
2 40074  98.4030  62.8282 0003960 328.2262  31.8704 14.83872460229854
BRITE-PL 2              
1 40119U 14049B   18279.84328782  .00000080  00000-0  16024-4 0  9997
2 40119  97.9159   7.6173 0016823 337.7453  22.3029 14.84326279223868
FIREBIRD 4              
1 40378U 15003C   18279.74595833  .00001438  00000-0  62100-4 0  9991
2 40378  99.0814 203.6603 0129460 219.0306 140.1527 15.17682531203248
GRIFEX                  
1 40379U 15003D   18279.33731671  .00001139  00000-0  53720-4 0  9995
2 40379  99.0821 198.7423 0136518 234.8291 124.0086 15.14671731202923
EXOCUBE                 
1 40380U 15003E   18278.73112913  .00000888  00000-0  44817-4 0  9999
2 40380  99.0857 195.5850 0141077 245.1785 113.4713 15.12804047202668
TIANWANG 1C (TW-1C)     
1 40926U 15051B   18279.90640222  .00007865  00000-0  13799-3 0  9993
2 40926  97.1728 321.7796 0008545 219.5958 265.8884 15.50783271170618
TIANWANG 1A (TW-1A)     
1 40928U 15051D   18279.84520882  .00002325  00000-0  61695-4 0  9992
2 40928  97.1766 311.6046 0009969 280.5634 165.2180 15.39270452169954
EXACTVIEW 9             
1 40936U 15052G   18275.02213287  .00000784  00000-0  20730-4 0  9998
2 40936   6.0049 112.3776 0010044  68.0735 292.0460 14.76419197162784
ATHENOXAT 1             
1 41168U 15077C   18279.39224560  .00002269  00000-0  86876-4 0  9996
2 41168  14.9869 286.3136 0012526 141.8049 359.0509 15.13029119155241
GALASSIA                
1 41170U 15077E   18279.15406479  .00001725  00000-0  56330-4 0  9992
2 41170  14.9888 282.0913 0013123 163.8898 196.1841 15.13385873155264
VELOX 2                 
1 41171U 15077F   18279.16419996  .00001447  00000-0  45652-4 0  9998
2 41171  14.9917 307.0038 0009012  96.9637 263.1708 15.10817825155040
HORYU-IV                
1 41340U 16012D   18279.43954649  .00000522  00000-0  33102-4 0  9995
2 41340  31.0056 318.9752 0014021 116.5414 243.6661 15.01071088144620
E-ST@R-II               
1 41459U 16025D   18279.77594507  .00001117  00000-0  61578-4 0  9999
2 41459  98.1275 348.3419 0171422 133.9543 227.5958 15.04707548134203
AAUSAT 4                
1 41460U 16025E   18279.64362616  .00001922  00000-0  10138-3 0  9990
2 41460  98.1191 348.8942 0162149 129.5618 232.0054 15.06271433134263
DIWATA-1                
1 41463U 98067HT  18279.92148098  .00010863  00000-0  83009-4 0  9998
2 41463  51.6374 120.9230 0001616 150.5111 306.3327 15.72789773139576
BEESAT-4                
1 41619U 16040W   18279.42134796  .00001393  00000-0  63238-4 0  9997
2 41619  97.4038 340.9785 0011165 192.1558 167.9411 15.22418959115018
CANX-7                  
1 41788U 16059F   18279.66864280  .00004178  00000-0  68853-3 0  9999
2 41788  98.2174 346.9438 0031054 104.3609 256.1030 14.70726307108489
ALSAT 1N                
1 41789U 16059G   18279.69198614  .00000048  00000-0  18155-4 0  9997
2 41789  98.1074 340.8333 0029602  96.2741 264.1836 14.64183813108336
RAVAN                   
1 41849U 16067B   18279.70941140  .00000310  00000-0  31505-4 0  9991
2 41849  97.9238  10.1170 0009084 148.0232 212.1543 14.97924336103827
CELTEE 1                
1 41850U 16067C   18279.72902949  .00000653  00000-0  62187-4 0  9999
2 41850  97.9222   9.3857 0009846 145.2868 214.8998 14.96872358103787
OPTICUBE 04             
1 41851U 16067D   18278.83665513 -.00000331  00000-0 -23636-4 0  9995
2 41851  97.9216   8.3644 0009426 150.3549 209.8208 14.96709115103644
AEROCUBE 8D             
1 41852U 16067E   18279.68793665 -.00000044  00000-0  15035-5 0  9995
2 41852  97.9235   9.0600 0010386 146.6278 213.5599 14.96562993103758
AEROCUBE 8C             
1 41853U 16067F   18279.70476277 -.00000113  00000-0 -45703-5 0  9999
2 41853  97.9228   9.0325 0010655 149.6658 210.5181 14.96521993103758
PROMETHEUS 2-1          
1 41854U 16067G   18279.30110683 -.00000074  00000-0 -11626-5 0  9995
2 41854  97.9236   8.6626 0010934 150.7249 209.4587 14.96659051103693
PROMETHEUS 2-3          
1 41855U 16067H   18279.70499392  .00000052  00000-0  99059-5 0  9997
2 41855  97.9236   9.0786 0011164 150.1296 210.0564 14.96658036103750
ITF-2                   
1 41932U 98067KU  18279.46375053  .00073764  00000-0  29313-3 0  9997
2 41932  51.6279 123.8701 0003370 246.4704 113.5947 15.85997400 98367
WASEDA-SAT3             
1 41933U 98067KV  18279.05129440  .08880754  12487-4  45483-3 0  9995
2 41933  51.6134 107.1518 0008522 281.0761  78.9308 16.42208149 98545
AOBA-VELOX 3            
1 41935U 98067KX  18279.75346219  .00183049  24986-4  37212-3 0  9992
2 41935  51.6282 112.1519 0005246 260.0712  99.9706 15.99088861 98645
INS-1B                  
1 41954U 17008G   18279.14925718  .00001112  00000-0  49872-4 0  9992
2 41954  97.4351 342.1322 0008423 333.1388  26.9412 15.23283707 90895
BGUSAT                  
1 41999U 17008BD  18279.13265980  .00001922  00000-0  79828-4 0  9991
2 41999  97.4401 343.5226 0007821 352.4867   7.6253 15.25031003 90335
DIDO-2                  
1 42000U 17008BE  18279.40804000  .00000983  00000-0  44280-4 0  9997
2 42000  97.4367 342.8711 0008198 353.2004   6.9120 15.23409410 90335
PEASSS                  
1 42015U 17008BV  18279.78546612  .00001140  00000-0  49632-4 0  9998
2 42015  97.4366 343.8398 0006298   2.6755 357.4515 15.24259961 90910
AL-FARABI 1             
1 42016U 17008BW  18279.41744429  .00001477  00000-0  62570-4 0  9994
2 42016  97.4377 343.7597 0006217   4.1607 355.9681 15.24736431 90994
NAYIF-1 (EO-88)         
1 42017U 17008BX  18279.14737661  .00001308  00000-0  55710-4 0  9996
2 42017  97.4373 343.4992 0006206   5.4708 354.6596 15.24760504 90978
HAVELSAT                
1 42700U 98067LH  18279.79883357  .00043796  00000-0  24962-3 0  9995
2 42700  51.6293 141.2485 0001528 295.2719  64.8124 15.78474397 79609
CXBN-2                  
1 42704U 98067LM  18279.66285444  .00041269  00000-0  24100-3 0  9995
2 42704  51.6317 143.3813 0002322 211.0866 148.9998 15.77956654 79489
PHOENIX                 
1 42706U 98067LP  18279.77872844  .00026638  00000-0  18595-3 0  9999
2 42706  51.6340 145.6830 0001412 195.0428 165.0529 15.74107136 79452
X-CUBESAT               
1 42707U 98067LQ  18279.78005539  .00049768  00000-0  26520-3 0  9996
2 42707  51.6302 140.2778 0002090 213.7812 146.3057 15.79908309 79512
QBEE50-LTU-OC           
1 42708U 98067LR  18279.68336184  .00043639  00000-0  25275-3 0  9996
2 42708  51.6308 142.7404 0001421 189.8214 170.2760 15.78117148 79438
ALTAIR PATHFINDER       
1 42711U 98067LS  18279.81569712  .00015518  00000-0  14487-3 0  9998
2 42711  51.6351 157.2424 0003131 223.0830 136.9921 15.67510758 78965
SHARC                   
1 42712U 98067LT  18279.81822079  .00030650  00000-0  25617-3 0  9998
2 42712  51.6358 158.0779 0002127 203.3338 156.7563 15.69741830 79190
ZA-AEROSAT              
1 42713U 98067LU  18279.78132646  .00025607  00000-0  19071-3 0  9992
2 42713  51.6336 149.4426 0002281 200.9450 159.1455 15.72609008 79066
CSUNSAT 1               
1 42715U 98067LW  18279.80279746  .00029971  00000-0  21168-3 0  9998
2 42715  51.6329 148.1025 0003478 213.8655 146.2122 15.73760700 79088
SPACECUBE               
1 42717U 98067LY  18279.84631259  .00037268  00000-0  21769-3 0  9990
2 42717  51.6263 142.2647 0001019 274.6552  85.4333 15.78001621 78534
HOOPOE                  
1 42718U 98067LZ  18279.78700840  .00070498  00000-0  30629-3 0  9994
2 42718  51.6267 136.5604 0002276 234.4304 125.6487 15.84159766 78609
NJUST-1                 
1 42722U 98067MB  18279.85638489  .00020573  00000-0  16333-3 0  9991
2 42722  51.6343 151.4848 0003371 284.3411  75.7212 15.71234350 78111
UNSW-ECO                
1 42723U 98067MC  18279.81672164  .00089899  00000-0  34157-3 0  9996
2 42723  51.6365 135.3718 0003224 253.8821 106.1829 15.86844268 78301
LILACSAT-1              
1 42725U 98067ME  18279.79595606  .00035882  00000-0  23306-3 0  9997
2 42725  51.6347 146.5461 0002368 269.4979  90.5749 15.75609754 78075
NSIGHT-1                
1 42726U 98067MF  18279.79730164  .00011753  00000-0  12961-3 0  9994
2 42726  51.6383 163.9732 0003869 289.9180  70.1398 15.63582136 77858
SNUSAT-1                
1 42727U 98067MG  18279.61965686  .00033228  00000-0  21720-3 0  9999
2 42727  51.6321 147.5394 0004588 242.2302 117.8232 15.75494344 78011
I-INSPIRE II            
1 42731U 98067ML  18279.75267711  .00112139  00000-0  39723-3 0  9994
2 42731  51.6318 134.0659 0005074 227.3995 132.6582 15.88169536 78097
POLYITAN-2-SAU          
1 42732U 98067MM  18279.80368048  .00045600  00000-0  24724-3 0  9999
2 42732  51.6318 141.2486 0004686 228.5160 131.5440 15.79553897 78000
SNUSAT-1B               
1 42733U 98067MN  18279.84181964  .00036322  00000-0  22401-3 0  9995
2 42733  51.6303 144.5470 0004609 233.3561 126.7016 15.76777636 77963
EXALTA-1                
1 42734U 98067MP  18279.82776700  .00118733  16334-4  37771-3 0  9996
2 42734  51.6231 132.1666 0004995 250.6797 109.3669 15.90976204 78077
BEEAGLESAT              
1 42736U 98067MR  18279.84229455  .00026928  00000-0  18644-3 0  9991
2 42736  51.6334 147.5724 0003340 276.4880  83.5739 15.74288664 77988
UCLSAT                  
1 42765U 17036A   18279.71431911  .00001200  00000-0  55311-4 0  9997
2 42765  97.3892 337.7086 0012974  51.3083 308.9312 15.22109956 71678
LITUANICASAT-2          
1 42768U 17036D   18278.94622645  .00001771  00000-0  80862-4 0  9992
2 42768  97.3913 336.5141 0016590  43.3985 316.8554 15.21786123 71407
AALTO-1                 
1 42775U 17036L   18279.75371951  .00000793  00000-0  38865-4 0  9990
2 42775  97.3882 337.0332 0015152  39.6899 320.5442 15.20923233 71450
URSA MAIOR              
1 42776U 17036M   18279.47077466  .00000891  00000-0  43156-4 0  9992
2 42776  97.3890 336.8315 0015011  40.8035 319.4322 15.21018505 71416
COMPASS 2               
1 42777U 17036N   18279.12835432  .00001424  00000-0  65156-4 0  9997
2 42777  97.3916 337.0787 0013919  45.0269 315.2093 15.22071359 71385
DIAMOND RED             
1 42783U 17036U   18279.80911935  .00000998  00000-0  47078-4 0  9990
2 42783  97.3892 337.5904 0013598  50.9666 309.2778 15.21678710 71487
PEGASUS                 
1 42784U 17036V   18278.71410661  .00001047  00000-0  48924-4 0  9997
2 42784  97.3896 336.6236 0013574  54.3493 305.9005 15.21905640 71324
DIAMOND GREEN           
1 42785U 17036W   18279.80787108  .00000955  00000-0  45199-4 0  9990
2 42785  97.3894 337.6057 0013502  51.5690 308.6755 15.21678437 71473
DIAMOND BLUE            
1 42786U 17036X   18279.14942879  .00000893  00000-0  42457-4 0  9991
2 42786  97.3894 336.9588 0013399  53.9723 306.2752 15.21678873 71376
NUDTSAT                 
1 42787U 17036Y   18279.17832823  .00001555  00000-0  69824-4 0  9995
2 42787  97.3904 337.3976 0013007  52.5644 307.6774 15.22591391 71254
SUCHAI                  
1 42788U 17036Z   18279.83366508  .00001333  00000-0  60926-4 0  9999
2 42788  97.3896 337.8724 0013096  50.7469 309.4928 15.22218965 71573
SKCUBE                  
1 42789U 17036AA  18278.71894153  .00001165  00000-0  53747-4 0  9994
2 42789  97.3896 336.7605 0013013  54.2734 305.9711 15.22159772 71327
VZLUSAT-1               
1 42790U 17036AB  18278.70634227  .00001555  00000-0  69824-4 0  9995
2 42790  97.3903 336.9399 0012630  54.5689 305.6725 15.22603907 71333
ROBUSTA-1B              
1 42792U 17036AD  18279.39984270  .00001316  00000-0  60044-4 0  9999
2 42792  97.3894 337.5155 0012562  53.2124 307.0263 15.22318251 71445
CICERO 6                
1 42793U 17036AE  18279.14538669  .00000911  00000-0  42767-4 0  9992
2 42793  97.3884 337.2169 0011801  55.3779 304.8568 15.22089593 71471
D-SAT                   
1 42794U 17036AF  18279.11872099  .00000061  00000-0  11088-4 0  9996
2 42794  97.5793 329.5123 0125363 273.0705  85.6175 14.90937384 70251
TOKI                    
1 42820U 98067MU  18279.85476739  .00026888  00000-0  19527-3 0  9991
2 42820  51.6329 150.6730 0003030 199.9537 160.1344 15.73171493 71407
MAZAALAI (NUMSAT-1)     
1 42822U 98067MW  18278.89640897  .00030068  00000-0  22239-3 0  9993
2 42822  51.6333 156.2850 0002868 198.0135 162.0762 15.72676088 71225
BRAC ONNESHA            
1 42823U 98067MX  18279.83539221  .00025660  00000-0  18852-3 0  9995
2 42823  51.6333 151.3294 0004082 233.8720 126.1901 15.72924645 71379
NIGERIAEDUSAT-1         
1 42824U 98067MY  18279.11572506  .00029553  00000-0  21987-3 0  9998
2 42824  51.6340 155.5474 0003970 231.1837 128.8808 15.72543257 71246
CORVUS BC2              
1 42846U 17042X   18279.27904815  .00000267  00000-0  31772-4 0  9990
2 42846  97.5852 178.0736 0009516 177.4591 182.6678 14.91864340 66931
CORVUS BC1              
1 42847U 17042Y   18279.78589599  .00000155  00000-0  20616-4 0  9996
2 42847  97.5853 178.6275 0009214 174.7566 185.3752 14.91963396 67007
SILU-1 (SILKROAD 1)     
1 42903U 17021F   18279.69727044  .00033262  00000-0  19453-3 0  9996
2 42903  42.7778  10.1057 0015002   5.9563 150.6046 15.77541950 67509
MIRATA                  
1 43015U 17073C   18279.84305600  .00000936  00000-0  79896-4 0  9995
2 43015  97.7063 206.1966 0255825 268.0164  89.1735 14.78404587 47632
MAKERSAT 0              
1 43016U 17073D   18279.35577679  .00000670  00000-0  58739-4 0  9997
2 43016  97.7092 205.8838 0257401 269.6853  87.4863 14.78332361 47557
ASTERIA                 
1 43020U 98067NH  18279.83234697  .00012665  00000-0  14915-3 0  9991
2 43020  51.6417 172.5219 0002053 208.8836 151.2044 15.61793277 49926
DELLINGR (RBLE)         
1 43021U 98067NJ  18279.85048514  .00006581  00000-0  89395-4 0  9990
2 43021  51.6398 175.5955 0002061 198.7942 161.2975 15.58966640 49880
OSIRIS-3U               
1 43027U 98067NL  18279.78255210  .00043028  00000-0  33155-3 0  9990
2 43027  51.6362 163.0706 0003662 185.0076 175.0886 15.71522043 49927
AEROCUBE 7B             
1 43042U 17071F   18278.95152560  .00002789  00000-0  79938-4 0  9994
2 43042  51.6385 221.6506 0004452 314.1425  45.9193 15.39511058 46661
AEROCUBE 7C             
1 43043U 17071G   18278.88656680  .00002737  00000-0  78626-4 0  9995
2 43043  51.6388 221.9740 0004600 315.7863  44.2753 15.39513411 46621
CHEFSAT                 
1 43044U 17071H   18278.94642601  .00004925  00000-0  12775-3 0  9994
2 43044  51.6389 220.1662 0004452 316.3889  43.6744 15.40851673 46650
ASGARDIA 1              
1 43049U 17071N   18278.85837515  .00003357  00000-0  93774-4 0  9996
2 43049  51.6391 221.7962 0002325 344.9806  15.1109 15.39630233 46611
ISARA                   
1 43050U 17071P   18279.09216290  .00004763  00000-0  12488-3 0  9990
2 43050  51.6385 219.6262 0002188 345.1255  14.9665 15.40597483 46663
FAUNA                   
1 43052U 17071R   18279.80959216  .00003284  00000-0  91448-4 0  9994
2 43052  51.6392 216.9097 0002199 345.2122  14.8798 15.39807171 46768
CORVUS BC3              
1 43118U 18004H   18279.16088248  .00000687  00000-0  32782-4 0  9991
2 43118  97.5218 341.9092 0012128  70.5395 289.7151 15.22422561 40593
MICROMAS-2A             
1 43131U 18004W   18278.87665478  .00001664  00000-0  73400-4 0  9997
2 43131  97.5231 341.8549 0011265  74.3155 285.9324 15.23173102 40568
GOMX4-B                 
1 43196U 18015E   18278.93243646  .00000409  00000-0  19865-4 0  9997
2 43196  97.3604  45.6893 0020132 125.4355 234.8760 15.23760661 37391
GOMX4-A                 
1 43197U 18015F   18279.73567699  .00000598  00000-0  27658-4 0  9992
2 43197  97.3611  46.4809 0020814 123.0517 342.7961 15.23781254 37525
1KUNS-PF                
1 43466U 98067NP  18279.80639188  .00012686  00000-0  17220-3 0  9991
2 43466  51.6397 179.7907 0001295 128.9417 231.1691 15.58020713 23083
UBAKUSAT                
1 43467U 98067NQ  18279.76763089  .00008361  00000-0  11879-3 0  9994
2 43467  51.6397 180.2852 0002929 168.1726 191.9335 15.57329166 23085
BATSU-CS1 (IRAZU)       
1 43468U 98067NR  18279.13910410  .00015198  00000-0  20080-3 0  9998
2 43468  51.6395 182.8348 0001409 121.2233 238.8898 15.58568104122978
CUBERRT                 
1 43546U 98067NU  18279.38485287  .00010922  00000-0  15990-3 0  9995
2 43546  51.6395 183.7181 0005119 245.4021 114.6437 15.56133915 13139
TEMPEST-D               
1 43547U 98067NV  18279.14238579  .00009413  00000-0  14270-3 0  9993
2 43547  51.6391 185.0979 0005255 247.8020 112.2414 15.55368809 12771
RAINCUBE                
1 43548U 98067NW  18279.32930130  .00009121  00000-0  13629-3 0  9999
2 43548  51.6392 184.0966 0005015 255.3219 104.7217 15.55813639 13253
HALOSAT                 
1 43549U 98067NX  18279.77928313  .00009263  00000-0  13835-3 0  9995
2 43549  51.6394 181.8522 0005063 259.0094 101.0328 15.55801697 12886
ENDUROSAT ONE           
1 43551U 98067NZ  18279.76043184  .00009672  00000-0  14169-3 0  9996
2 43551  51.6391 181.7261 0005423 267.1316  92.9055 15.56272931 13297
EQUISAT                 
1 43552U 98067PA  18279.12202660  .00008556  00000-0  12703-3 0  9995
2 43552  51.6392 184.9635 0005696 265.5377  94.4964 15.56082085 13150
AEROCUBE 12A            
1 43556U 18046C   18279.43472283  .00000994  00000-0  48823-4 0  9993
2 43556  51.6433 200.3092 0007928 236.7931 123.2289 15.27876216 12522
AEROCUBE 12B            
1 43557U 18046D   18279.30436594  .00000786  00000-0  41338-4 0  9998
2 43557  51.6433 200.9386 0007955 236.2526 123.7696 15.27847755 12455
UITMSAT-1               
1 43589U 98067PD  18279.15666877  .00009823  00000-0  14711-3 0  9991
2 43589  51.6393 185.1917 0004975 275.9614  84.0810 15.55646821  8898
MAYA-1                  
1 43590U 98067PE  18279.15563961  .00009911  00000-0  14821-3 0  9993
2 43590  51.6393 185.1852 0005078 277.2360  82.8054 15.55674657  8823
BHUTAN-1                
1 43591U 98067PF  18279.15426609  .00010237  00000-0  15263-3 0  9995
2 43591  51.6394 185.1762 0005165 278.7203  81.3203 15.55714965  8821
SIRIUSSAT-1             
1 43595U 98067PG  18278.93130166  .00009382  00000-0  14279-3 0  9999
2 43595  51.6396 186.4736 0003163 204.3468 253.7894 15.55268678  7966
SIRIUSSAT-2             
1 43596U 98067PH  18278.93205017  .00009246  00000-0  14157-3 0  9992
2 43596  51.6401 186.5322 0003802 219.6862 217.2481 15.55123801  7968
TANUSHA-3               
1 43597U 98067PJ  18278.92943705  .00010100  00000-0  15307-3 0  9994
2 43597  51.6399 186.5030 0002840 224.6930 211.9392 15.55286085  7960
SURFSAT                 
1 43614U 18070B   18279.16892642  .00002424  00000-0  68627-4 0  9994
2 43614  93.0248 258.0612 0015043 202.4740 157.5845 15.36267768  3168
CP-7 (DAVE)             
1 43615U 18070C   18279.42933686  .00002341  00000-0  66252-4 0  9998
2 43615  93.0246 258.1685 0015035 201.1487 158.9145 15.36278036  3206
ELFIN-B                 
1 43616U 18070D   18278.97259866 -.00000006  00000-0  00000+0 0  9990
2 43616  93.0232 257.9636 0016535 206.5716 153.4847 15.36328414  3132
ELFIN-A                 
1 43617U 18070E   18279.10262369 -.00000006  00000-0  00000+0 0  9999
2 43617  93.0264 258.0397 0015605 202.6539 157.4253 15.36353668  3157
